wavelength (nm), n, k
2.25000000e2, 1.53146500, 2.56380400
2.27500000e2, 1.57406000, 2.61632000
2.30000000e2, 1.62229200, 2.67136000
2.32500000e2, 1.67738600, 2.72858800
2.35000000e2, 1.74074900, 2.78735400
2.37500000e2, 1.81394900, 2.84655300
2.40000000e2, 1.89860500, 2.90445600
2.42500000e2, 1.99618600, 2.95851800
2.45000000e2, 2.10766500, 3.00524200
2.47500000e2, 2.23298600, 3.04016000
2.50000000e2, 2.37040100, 3.05812400
2.52500000e2, 2.51585300, 3.05403800
2.55000000e2, 2.66269900, 3.02406900
2.57500000e2, 2.80203500, 2.96719800
2.60000000e2, 2.92419500, 2.88770000
2.62500000e2, 3.02581500, 2.79372800
2.65000000e2, 3.10415600, 2.69014100
2.67500000e2, 3.15818900, 2.58489300
2.70000000e2, 3.19055800, 2.48487200
2.72500000e2, 3.20565000, 2.39469200
2.75000000e2, 3.20826200, 2.31676400
2.77500000e2, 3.20279100, 2.25179800
2.80000000e2, 3.19288300, 2.19940800
2.82500000e2, 3.18137800, 2.15858400
2.85000000e2, 3.17036900, 2.12814300
2.87500000e2, 3.16116400, 2.10734500
2.90000000e2, 3.15555900, 2.09359200
2.92500000e2, 3.15409900, 2.08639200
2.95000000e2, 3.15750300, 2.08462400
2.97500000e2, 3.16636300, 2.08723500
3.00000000e2, 3.18120300, 2.09319700
3.02500000e2, 3.20249400, 2.10144300
3.05000000e2, 3.23064400, 2.11083600
3.07500000e2, 3.26596600, 2.12012200
3.10000000e2, 3.30862400, 2.12790600
3.12500000e2, 3.35855800, 2.13265300
3.15000000e2, 3.41539300, 2.13272000
3.17500000e2, 3.47836800, 2.12643200
3.20000000e2, 3.54626900, 2.11220600
3.22500000e2, 3.61743900, 2.08870200
3.25000000e2, 3.68975000, 2.05503300
3.27500000e2, 3.76089700, 2.01086700
3.30000000e2, 3.82849200, 1.95654200
3.32500000e2, 3.89033500, 1.89306200
3.35000000e2, 3.94463100, 1.82198000
3.37500000e2, 3.99013800, 1.74522200
3.40000000e2, 4.02622800, 1.66485500
3.42500000e2, 4.05285200, 1.58289200
3.45000000e2, 4.07043600, 1.50112600
3.47500000e2, 4.07975100, 1.42102800
3.50000000e2, 4.08176800, 1.34372100
3.52500000e2, 4.07753900, 1.26999100
3.55000000e2, 4.06811700, 1.20032100
3.57500000e2, 4.05448100, 1.13495800
3.60000000e2, 4.03751100, 1.07396200
3.62500000e2, 4.01797700, 1.01726200
3.65000000e2, 3.99652400, 9.64692000e-1
3.67500000e2, 3.97369400, 9.16037000e-1
3.70000000e2, 3.94993000, 8.71043000e-1
3.72500000e2, 3.92559000, 8.29448000e-1
3.75000000e2, 3.90095900, 7.90990000e-1
3.77500000e2, 3.87626300, 7.55409000e-1
3.80000000e2, 3.85167900, 7.22466000e-1
3.82500000e2, 3.82734200, 6.91932000e-1
3.85000000e2, 3.80335400, 6.63594000e-1
3.87500000e2, 3.77978600, 6.37256000e-1
3.90000000e2, 3.75670900, 6.12759000e-1
3.92500000e2, 3.73417900, 5.89942000e-1
3.95000000e2, 3.71199600, 5.68568000e-1
3.97500000e2, 3.68992800, 5.48406000e-1
4.00000000e2, 3.66910500, 5.29802000e-1
4.02500000e2, 3.64881700, 5.12349000e-1
4.05000000e2, 3.62909800, 4.95966000e-1
4.07500000e2, 3.60994100, 4.80567000e-1
4.10000000e2, 3.59133600, 4.66073000e-1
4.12500000e2, 3.57327100, 4.52411000e-1
4.15000000e2, 3.55573200, 4.39517000e-1
4.17500000e2, 3.53870500, 4.27333000e-1
4.20000000e2, 3.52217400, 4.15804000e-1
4.22500000e2, 3.50612400, 4.04883000e-1
4.25000000e2, 3.49054000, 3.94525000e-1
4.27500000e2, 3.47540600, 3.84690000e-1
4.30000000e2, 3.46070600, 3.75343000e-1
4.32500000e2, 3.44642500, 3.66448000e-1
4.35000000e2, 3.43254800, 3.57975000e-1
4.37500000e2, 3.41906100, 3.49897000e-1
4.40000000e2, 3.40595100, 3.42188000e-1
4.42500000e2, 3.39320100, 3.34823000e-1
4.45000000e2, 3.38080100, 3.27782000e-1
4.47500000e2, 3.36873700, 3.21045000e-1
4.50000000e2, 3.35699500, 3.14590000e-1
4.52500000e2, 3.34556400, 3.08403000e-1
4.55000000e2, 3.33443700, 3.02469000e-1
4.57500000e2, 3.32360100, 2.96773000e-1
4.60000000e2, 3.31304400, 2.91300000e-1
4.62500000e2, 3.30275700, 2.86038000e-1
4.65000000e2, 3.29273000, 2.80975000e-1
4.67500000e2, 3.28295400, 2.76102000e-1
4.70000000e2, 3.27342100, 2.71407000e-1
4.72500000e2, 3.26412200, 2.66882000e-1
4.75000000e2, 3.25504800, 2.62516000e-1
4.77500000e2, 3.24619200, 2.58303000e-1
4.80000000e2, 3.23754700, 2.54234000e-1
4.82500000e2, 3.22910700, 2.50303000e-1
4.85000000e2, 3.22086300, 2.46502000e-1
4.87500000e2, 3.21280900, 2.42826000e-1
4.90000000e2, 3.20493800, 2.39269000e-1
4.92500000e2, 3.19724700, 2.35824000e-1
4.95000000e2, 3.18972800, 2.32487000e-1
4.97500000e2, 3.18237600, 2.29253000e-1
5.00000000e2, 3.17518600, 2.26117000e-1
5.02500000e2, 3.16815100, 2.23074000e-1
5.05000000e2, 3.16126800, 2.20122000e-1
5.07500000e2, 3.15453400, 2.17255000e-1
5.10000000e2, 3.14794100, 2.14471000e-1
5.12500000e2, 3.14148700, 2.11766000e-1
5.15000000e2, 3.13516500, 2.09136000e-1
5.17500000e2, 3.12897300, 2.06578000e-1
5.20000000e2, 3.12290900, 2.04090000e-1
5.22500000e2, 3.11696700, 2.01669000e-1
5.25000000e2, 3.11114500, 1.99311000e-1
5.27500000e2, 3.10543800, 1.97016000e-1
5.30000000e2, 3.09984300, 1.94780000e-1
5.32500000e2, 3.09435800, 1.92601000e-1
5.35000000e2, 3.08897800, 1.90476000e-1
5.37500000e2, 3.08370200, 1.88404000e-1
5.40000000e2, 3.07852600, 1.86383000e-1
5.42500000e2, 3.07344700, 1.84412000e-1
5.45000000e2, 3.06846400, 1.82488000e-1
5.47500000e2, 3.06357300, 1.80609000e-1
5.50000000e2, 3.05877200, 1.78774000e-1
5.52500000e2, 3.05405800, 1.76981000e-1
5.55000000e2, 3.04943000, 1.75231000e-1
5.57500000e2, 3.04488400, 1.73519000e-1
5.60000000e2, 3.04042000, 1.71846000e-1
5.62500000e2, 3.03603500, 1.70209000e-1
5.65000000e2, 3.03172500, 1.68609000e-1
5.67500000e2, 3.02749200, 1.67043000e-1
5.70000000e2, 3.02333100, 1.65511000e-1
5.72500000e2, 3.01924100, 1.64011000e-1
5.75000000e2, 3.01522200, 1.62542000e-1
5.77500000e2, 3.01126800, 1.61104000e-1
5.80000000e2, 3.00738200, 1.59695000e-1
5.82500000e2, 3.00356100, 1.58315000e-1
5.85000000e2, 2.99980100, 1.56963000e-1
5.87500000e2, 2.99610400, 1.55638000e-1
5.90000000e2, 2.99246800, 1.54338000e-1
5.92500000e2, 2.98888900, 1.53065000e-1
5.95000000e2, 2.98536800, 1.51816000e-1
5.97500000e2, 2.98190300, 1.50591000e-1
6.00000000e2, 2.97849300, 1.49389000e-1
6.02500000e2, 2.97513700, 1.48209000e-1
6.05000000e2, 2.97183200, 1.47052000e-1
6.07500000e2, 2.96857900, 1.45916000e-1
6.10000000e2, 2.96537600, 1.44800000e-1
6.12500000e2, 2.96222200, 1.43705000e-1
6.15000000e2, 2.95911500, 1.42629000e-1
6.17500000e2, 2.95605500, 1.41572000e-1
6.20000000e2, 2.95304200, 1.40534000e-1
6.22500000e2, 2.95007300, 1.39514000e-1
6.25000000e2, 2.94714800, 1.38511000e-1
6.27500000e2, 2.94426500, 1.37527000e-1
6.30000000e2, 2.94142500, 1.36559000e-1
6.32500000e2, 2.93862500, 1.35606000e-1
6.35000000e2, 2.93586700, 1.34669000e-1
6.37500000e2, 2.93314800, 1.33749000e-1
6.40000000e2, 2.93046700, 1.32844000e-1
6.42500000e2, 2.92782400, 1.31952000e-1
6.45000000e2, 2.92521800, 1.31075000e-1
6.47500000e2, 2.92264800, 1.30213000e-1
6.50000000e2, 2.92011400, 1.29364000e-1
6.52500000e2, 2.91761600, 1.28528000e-1
6.55000000e2, 2.91515100, 1.27705000e-1
6.57500000e2, 2.91272000, 1.26895000e-1
6.60000000e2, 2.91032200, 1.26098000e-1
6.62500000e2, 2.90795700, 1.25313000e-1
6.65000000e2, 2.90562300, 1.24540000e-1
6.67500000e2, 2.90332000, 1.23777000e-1
6.70000000e2, 2.90104700, 1.23027000e-1
6.72500000e2, 2.89880500, 1.22287000e-1
6.75000000e2, 2.89659100, 1.21558000e-1
6.77500000e2, 2.89440700, 1.20841000e-1
6.80000000e2, 2.89225100, 1.20133000e-1
6.82500000e2, 2.89012200, 1.19435000e-1
6.85000000e2, 2.88802100, 1.18748000e-1
6.87500000e2, 2.88594700, 1.18070000e-1
6.90000000e2, 2.88389800, 1.17401000e-1
6.92500000e2, 2.88187600, 1.16742000e-1
6.95000000e2, 2.87987900, 1.16092000e-1
6.97500000e2, 2.87790600, 1.15450000e-1
7.00000000e2, 2.87595800, 1.14818000e-1
7.02500000e2, 2.87403400, 1.14194000e-1
7.05000000e2, 2.87213400, 1.13579000e-1
7.07500000e2, 2.87025700, 1.12971000e-1
7.10000000e2, 2.86840200, 1.12372000e-1
7.12500000e2, 2.86656900, 1.11780000e-1
7.15000000e2, 2.86476000, 1.11196000e-1
7.17500000e2, 2.86297100, 1.10620000e-1
7.20000000e2, 2.86120400, 1.10051000e-1
7.22500000e2, 2.85945800, 1.09490000e-1
7.25000000e2, 2.85773200, 1.08935000e-1
7.27500000e2, 2.85602600, 1.08387000e-1
7.30000000e2, 2.85434100, 1.07847000e-1
7.32500000e2, 2.85267400, 1.07313000e-1
7.35000000e2, 2.85102700, 1.06785000e-1
7.37500000e2, 2.84939900, 1.06264000e-1
7.40000000e2, 2.84778900, 1.05750000e-1
7.42500000e2, 2.84619800, 1.05242000e-1
7.45000000e2, 2.84462500, 1.04739000e-1
7.47500000e2, 2.84306900, 1.04244000e-1
7.50000000e2, 2.84153100, 1.03754000e-1
7.52500000e2, 2.84001000, 1.03269000e-1
7.55000000e2, 2.83850600, 1.02790000e-1
7.57500000e2, 2.83701800, 1.02316000e-1
7.60000000e2, 2.83554700, 1.01849000e-1
7.62500000e2, 2.83409200, 1.01386000e-1
7.65000000e2, 2.83265200, 1.00929000e-1
7.67500000e2, 2.83122800, 1.00478000e-1
7.70000000e2, 2.82982000, 1.00031000e-1
7.72500000e2, 2.82842600, 9.95890000e-2
7.75000000e2, 2.82704800, 9.91520000e-2
7.77500000e2, 2.82568400, 9.87210000e-2
7.80000000e2, 2.82433500, 9.82930000e-2
7.82500000e2, 2.82299900, 9.78700000e-2
7.85000000e2, 2.82167800, 9.74530000e-2
7.87500000e2, 2.82037100, 9.70390000e-2
7.90000000e2, 2.81907700, 9.66310000e-2
7.92500000e2, 2.81779600, 9.62260000e-2
7.95000000e2, 2.81653000, 9.58260000e-2
7.97500000e2, 2.81527600, 9.54290000e-2
8.00000000e2, 2.81403400, 9.50380000e-2
8.02500000e2, 2.81280600, 9.46500000e-2
8.05000000e2, 2.81158900, 9.42670000e-2
8.07500000e2, 2.81038500, 9.38870000e-2
8.10000000e2, 2.80919300, 9.35110000e-2
8.12500000e2, 2.80801400, 9.31390000e-2
8.15000000e2, 2.80684500, 9.27710000e-2
8.17500000e2, 2.80568900, 9.24070000e-2
8.20000000e2, 2.80454400, 9.20460000e-2
8.22500000e2, 2.80341100, 9.16890000e-2
8.25000000e2, 2.80228700, 9.13350000e-2
8.27500000e2, 2.80117500, 9.09850000e-2
8.30000000e2, 2.80007400, 9.06380000e-2
8.32500000e2, 2.79898400, 9.02950000e-2
8.35000000e2, 2.79790400, 8.99560000e-2
8.37500000e2, 2.79683400, 8.96190000e-2
8.40000000e2, 2.79577500, 8.92850000e-2
8.42500000e2, 2.79472500, 8.89550000e-2
8.45000000e2, 2.79368600, 8.86290000e-2
8.47500000e2, 2.79265600, 8.83050000e-2
8.50000000e2, 2.79163700, 8.79840000e-2
8.52500000e2, 2.79062700, 8.76660000e-2
8.55000000e2, 2.78962700, 8.73510000e-2
8.57500000e2, 2.78863500, 8.70400000e-2
8.60000000e2, 2.78765300, 8.67300000e-2
8.62500000e2, 2.78667900, 8.64250000e-2
8.65000000e2, 2.78571400, 8.61210000e-2
8.67500000e2, 2.78475900, 8.58210000e-2
8.70000000e2, 2.78381200, 8.55230000e-2
8.72500000e2, 2.78287500, 8.52280000e-2
8.75000000e2, 2.78194500, 8.49360000e-2
8.77500000e2, 2.78102400, 8.46460000e-2
8.80000000e2, 2.78011000, 8.43580000e-2
8.82500000e2, 2.77920600, 8.40740000e-2
8.85000000e2, 2.77830900, 8.37920000e-2
8.87500000e2, 2.77742000, 8.35110000e-2
8.90000000e2, 2.77653900, 8.32340000e-2
8.92500000e2, 2.77566600, 8.29600000e-2
8.95000000e2, 2.77480100, 8.26870000e-2
8.97500000e2, 2.77394200, 8.24160000e-2
9.00000000e2, 2.77309200, 8.21490000e-2
9.02500000e2, 2.77224900, 8.18830000e-2
9.05000000e2, 2.77141400, 8.16200000e-2
9.07500000e2, 2.77058400, 8.13590000e-2
9.10000000e2, 2.76976300, 8.11010000e-2
9.12500000e2, 2.76894800, 8.08440000e-2
9.15000000e2, 2.76814100, 8.05900000e-2
9.17500000e2, 2.76734100, 8.03370000e-2
9.20000000e2, 2.76654600, 8.00870000e-2
9.22500000e2, 2.76576000, 7.98390000e-2
9.25000000e2, 2.76497900, 7.95920000e-2
9.27500000e2, 2.76420500, 7.93480000e-2
9.30000000e2, 2.76343800, 7.91060000e-2
9.32500000e2, 2.76267700, 7.88660000e-2
9.35000000e2, 2.76192200, 7.86270000e-2
9.37500000e2, 2.76117300, 7.83910000e-2
9.40000000e2, 2.76043100, 7.81560000e-2
9.42500000e2, 2.75969400, 7.79230000e-2
9.45000000e2, 2.75896500, 7.76920000e-2
9.47500000e2, 2.75824000, 7.74630000e-2
9.50000000e2, 2.75752100, 7.72370000e-2
9.52500000e2, 2.75680800, 7.70110000e-2
9.55000000e2, 2.75610200, 7.67870000e-2
9.57500000e2, 2.75540000, 7.65650000e-2
9.60000000e2, 2.75470500, 7.63450000e-2
9.62500000e2, 2.75401500, 7.61270000e-2
9.65000000e2, 2.75333100, 7.59100000e-2
9.67500000e2, 2.75265100, 7.56940000e-2
9.70000000e2, 2.75197800, 7.54800000e-2
9.72500000e2, 2.75131000, 7.52680000e-2
9.75000000e2, 2.75064600, 7.50580000e-2
9.77500000e2, 2.74998800, 7.48490000e-2
9.80000000e2, 2.74933500, 7.46420000e-2
9.82500000e2, 2.74868700, 7.44370000e-2
9.85000000e2, 2.74804400, 7.42320000e-2
9.87500000e2, 2.74740700, 7.40290000e-2
9.90000000e2, 2.74677400, 7.38290000e-2
9.92500000e2, 2.74614600, 7.36290000e-2
9.95000000e2, 2.74552300, 7.34300000e-2
9.97500000e2, 2.74490400, 7.32340000e-2
1.00000000e3, 2.74429100, 7.30380000e-2
