wavelength (nm), n, k
2.75829102e2, 4.42150000, 2.61150000
2.76752637e2, 4.40980000, 2.55960000
2.77682377e2, 4.39530000, 2.51170000
2.78618385e2, 4.37940000, 2.47120000
2.79560724e2, 4.35830000, 2.43950000
2.80509460e2, 4.32750000, 2.41420000
2.81464657e2, 4.29340000, 2.39210000
2.82426381e2, 4.26190000, 2.37190000
2.83394700e2, 4.23670000, 2.35380000
2.84369682e2, 4.22030000, 2.33900000
2.85351395e2, 4.20790000, 2.32850000
2.86339911e2, 4.19790000, 2.32110000
2.87335298e2, 4.19330000, 2.31440000
2.88337631e2, 4.19180000, 2.30980000
2.89346981e2, 4.18950000, 2.30890000
2.90363422e2, 4.18990000, 2.31090000
2.91387030e2, 4.19650000, 2.31500000
2.92417880e2, 4.20620000, 2.32050000
2.93456050e2, 4.21740000, 2.32680000
2.94501618e2, 4.23090000, 2.33300000
2.95554663e2, 4.24730000, 2.33940000
2.96615266e2, 4.26780000, 2.34700000
2.97683509e2, 4.29370000, 2.35520000
2.98759473e2, 4.32450000, 2.36230000
2.99843244e2, 4.35980000, 2.36620000
3.00934906e2, 4.39990000, 2.36580000
3.02034546e2, 4.44310000, 2.36180000
3.03142253e2, 4.48860000, 2.35490000
3.04258114e2, 4.53640000, 2.34430000
3.05382220e2, 4.58530000, 2.32810000
3.06514663e2, 4.63540000, 2.30560000
3.07655537e2, 4.68910000, 2.27820000
3.08804935e2, 4.74540000, 2.24650000
3.09962953e2, 4.79770000, 2.21140000
3.11129690e2, 4.84530000, 2.17240000
3.12305243e2, 4.89500000, 2.12690000
3.13489712e2, 4.94900000, 2.07520000
3.14683201e2, 5.00560000, 2.01900000
3.15885812e2, 5.06030000, 1.95920000
3.17097650e2, 5.11100000, 1.89490000
3.18318822e2, 5.15750000, 1.82190000
3.19549436e2, 5.19720000, 1.73970000
3.20789602e2, 5.22670000, 1.65350000
3.22039432e2, 5.24250000, 1.56630000
3.23299039e2, 5.24940000, 1.46960000
3.24568537e2, 5.25490000, 1.35750000
3.25848045e2, 5.25110000, 1.24690000
3.27137682e2, 5.22830000, 1.15160000
3.28437566e2, 5.18850000, 1.07110000
3.29747823e2, 5.13650000, 1.00370000
3.31068575e2, 5.07680000, 9.48260000e-1
3.32399950e2, 5.01360000, 9.03300000e-1
3.33742076e2, 4.94970000, 8.68540000e-1
3.35095085e2, 4.88650000, 8.40640000e-1
3.36459108e2, 4.83410000, 8.06070000e-1
3.37834281e2, 4.79720000, 7.60290000e-1
3.39220742e2, 4.76280000, 7.17470000e-1
3.40618630e2, 4.72670000, 6.81910000e-1
3.42028086e2, 4.69360000, 6.49080000e-1
3.43449256e2, 4.66220000, 6.19160000e-1
3.44882285e2, 4.63040000, 5.93530000e-1
3.46327322e2, 4.59880000, 5.70480000e-1
3.47784520e2, 4.56840000, 5.47120000e-1
3.49254032e2, 4.53790000, 5.25030000e-1
3.50736015e2, 4.50720000, 5.05030000e-1
3.52230629e2, 4.47760000, 4.85340000e-1
3.53738035e2, 4.44840000, 4.66500000e-1
3.55258399e2, 4.42030000, 4.49900000e-1
3.56791889e2, 4.39430000, 4.35210000e-1
3.58338674e2, 4.36950000, 4.21610000e-1
3.59898930e2, 4.34540000, 4.09100000e-1
3.61472832e2, 4.32250000, 3.97640000e-1
3.63060560e2, 4.30100000, 3.86270000e-1
3.64662298e2, 4.27990000, 3.74450000e-1
3.66278231e2, 4.25860000, 3.62020000e-1
3.67908550e2, 4.23750000, 3.49250000e-1
3.69553446e2, 4.21720000, 3.37050000e-1
3.71213118e2, 4.19800000, 3.25080000e-1
3.72887763e2, 4.17980000, 3.12290000e-1
3.74577587e2, 4.16170000, 2.98110000e-1
3.76282796e2, 4.14390000, 2.83170000e-1
3.78003601e2, 4.12690000, 2.69170000e-1
3.79740218e2, 4.10990000, 2.55780000e-1
3.81492866e2, 4.09420000, 2.42560000e-1
3.83261766e2, 4.07950000, 2.30620000e-1
3.85047147e2, 4.06420000, 2.19680000e-1
3.86849240e2, 4.04820000, 2.09010000e-1
3.88668280e2, 4.03140000, 1.98120000e-1
3.90504508e2, 4.01490000, 1.86000000e-1
3.92358169e2, 3.99910000, 1.72740000e-1
3.94229511e2, 3.98270000, 1.60130000e-1
3.96118790e2, 3.96440000, 1.49180000e-1
3.98026264e2, 3.94570000, 1.38970000e-1
3.99952198e2, 3.92920000, 1.28780000e-1
4.01896860e2, 3.91180000, 1.18740000e-1
4.03860525e2, 3.89350000, 1.09040000e-1
4.05843474e2, 3.87630000, 9.96150000e-2
4.07845991e2, 3.85830000, 9.00450000e-2
4.09868368e2, 3.84090000, 8.03850000e-2
4.11910901e2, 3.82450000, 7.08930000e-2
4.13973894e2, 3.80570000, 6.19460000e-2
4.16057655e2, 3.78560000, 5.42280000e-2
4.18162500e2, 3.76620000, 4.79910000e-2
4.20288750e2, 3.74690000, 4.31700000e-2
4.22436734e2, 3.72870000, 3.90630000e-2
4.24606785e2, 3.71240000, 3.47930000e-2
4.26799247e2, 3.69670000, 3.02120000e-2
4.29014468e2, 3.68120000, 2.52860000e-2
4.31252804e2, 3.66640000, 2.00410000e-2
4.33514620e2, 3.65210000, 1.48710000e-2
4.35800286e2, 3.63670000, 9.88620000e-3
4.38110181e2, 3.61890000, 4.94640000e-3
4.40444694e2, 3.59910000, 1.24270000e-3
4.42804219e2, 3.58140000, 0.00000000
4.45189161e2, 3.56590000, 0.00000000
4.47599932e2, 3.55020000, 0.00000000
4.50036956e2, 3.53520000, 0.00000000
4.52500662e2, 3.52170000, 0.00000000
4.54991491e2, 3.50950000, 0.00000000
4.57509894e2, 3.49860000, 0.00000000
4.60056331e2, 3.48720000, 0.00000000
4.62631273e2, 3.47540000, 0.00000000
4.65235202e2, 3.46320000, 0.00000000
4.67868609e2, 3.45040000, 0.00000000
4.70531997e2, 3.43870000, 0.00000000
4.73225883e2, 3.42810000, 0.00000000
4.75950792e2, 3.41860000, 0.00000000
4.78707264e2, 3.41010000, 0.00000000
4.81495850e2, 3.40110000, 0.00000000
4.84317114e2, 3.39150000, 0.00000000
4.87171636e2, 3.38130000, 0.00000000
4.90060005e2, 3.37040000, 0.00000000
4.92982828e2, 3.36140000, 0.00000000
4.95940725e2, 3.35340000, 0.00000000
4.98934331e2, 3.34390000, 0.00000000
5.01964297e2, 3.33540000, 0.00000000
5.05031288e2, 3.32860000, 0.00000000
5.08135989e2, 3.32050000, 0.00000000
5.11279098e2, 3.31090000, 0.00000000
5.14461333e2, 3.30310000, 0.00000000
5.17683429e2, 3.29610000, 0.00000000
5.20946140e2, 3.28780000, 0.00000000
5.24250238e2, 3.27960000, 0.00000000
5.27596516e2, 3.27310000, 0.00000000
5.30985787e2, 3.26750000, 0.00000000
5.34418885e2, 3.26050000, 0.00000000
5.37896665e2, 3.25280000, 0.00000000
5.41420006e2, 3.24600000, 0.00000000
5.44989808e2, 3.23850000, 0.00000000
5.48606997e2, 3.23110000, 0.00000000
5.52272522e2, 3.22470000, 0.00000000
5.55987360e2, 3.21920000, 0.00000000
5.59752511e2, 3.21450000, 0.00000000
5.63569006e2, 3.20830000, 0.00000000
5.67437901e2, 3.20060000, 0.00000000
5.71360282e2, 3.19470000, 0.00000000
5.75337268e2, 3.19050000, 0.00000000
5.79370006e2, 3.18480000, 0.00000000
5.83459677e2, 3.17830000, 0.00000000
5.87607494e2, 3.17350000, 0.00000000
5.91814708e2, 3.16880000, 0.00000000
5.96082602e2, 3.16340000, 0.00000000
6.00412500e2, 3.15730000, 0.00000000
6.04805762e2, 3.15130000, 0.00000000
6.09263790e2, 3.14620000, 0.00000000
6.13788026e2, 3.14030000, 0.00000000
6.18379957e2, 3.13450000, 0.00000000
6.23041112e2, 3.12960000, 0.00000000
6.27773070e2, 3.12550000, 0.00000000
6.32577456e2, 3.12160000, 0.00000000
6.37455945e2, 3.11680000, 0.00000000
6.42410266e2, 3.11220000, 0.00000000
6.47442200e2, 3.10770000, 0.00000000
6.52553586e2, 3.10400000, 0.00000000
6.57746320e2, 3.10030000, 0.00000000
6.63022360e2, 3.09590000, 0.00000000
6.68383727e2, 3.09090000, 0.00000000
6.73832507e2, 3.08510000, 0.00000000
6.79370856e2, 3.08010000, 0.00000000
6.85001002e2, 3.07680000, 0.00000000
6.90725244e2, 3.07350000, 0.00000000
6.96545962e2, 3.06870000, 0.00000000
7.02465616e2, 3.06480000, 0.00000000
7.08486750e2, 3.06240000, 0.00000000
7.14611996e2, 3.05870000, 0.00000000
7.20844077e2, 3.05340000, 0.00000000
7.27185814e2, 3.04970000, 0.00000000
7.33640126e2, 3.04680000, 0.00000000
7.40210038e2, 3.04240000, 0.00000000
7.46898682e2, 3.03890000, 0.00000000
7.53709309e2, 3.03610000, 0.00000000
7.60645284e2, 3.03190000, 0.00000000
7.67710101e2, 3.02780000, 0.00000000
7.74907383e2, 3.02450000, 0.00000000
7.82240891e2, 3.02200000, 0.00000000
7.89714531e2, 3.01940000, 0.00000000
7.97332356e2, 3.01620000, 0.00000000
8.05098580e2, 3.01310000, 0.00000000
8.13017582e2, 3.01000000, 0.00000000
8.21093916e2, 3.00770000, 0.00000000
8.29332316e2, 3.00470000, 0.00000000
8.37737711e2, 3.00090000, 0.00000000
8.46315231e2, 2.99870000, 0.00000000
8.55070216e2, 2.99660000, 0.00000000
8.64008232e2, 2.99380000, 0.00000000
8.73135080e2, 2.99100000, 0.00000000
8.82456806e2, 2.98750000, 0.00000000
8.91979722e2, 2.98320000, 0.00000000
9.01710409e2, 2.98060000, 0.00000000
9.11655745e2, 2.97940000, 0.00000000
9.21822909e2, 2.97760000, 0.00000000
9.32219408e2, 2.97500000, 0.00000000
9.42853090e2, 2.97250000, 0.00000000
9.53732164e2, 2.97010000, 0.00000000
9.64865224e2, 2.96690000, 0.00000000
9.76261270e2, 2.96380000, 0.00000000
9.87929731e2, 2.96220000, 0.00000000
