wavelength (nm), n, k
2.75829102e2, 4.19720000, 3.02120000
2.76752637e2, 4.21440000, 2.96820000
2.77682377e2, 4.23160000, 2.91390000
2.78618385e2, 4.24740000, 2.86250000
2.79560724e2, 4.25990000, 2.81050000
2.80509460e2, 4.26910000, 2.75720000
2.81464657e2, 4.27550000, 2.70300000
2.82426381e2, 4.28110000, 2.65040000
2.83394700e2, 4.28740000, 2.60480000
2.84369682e2, 4.29050000, 2.56470000
2.85351395e2, 4.28940000, 2.52750000
2.86339911e2, 4.28800000, 2.49460000
2.87335298e2, 4.28550000, 2.46300000
2.88337631e2, 4.28060000, 2.43350000
2.89346981e2, 4.27420000, 2.41000000
2.90363422e2, 4.26630000, 2.39030000
2.91387030e2, 4.25760000, 2.37060000
2.92417880e2, 4.25050000, 2.35320000
2.93456050e2, 4.24670000, 2.33850000
2.94501618e2, 4.24360000, 2.32460000
2.95554663e2, 4.23970000, 2.31130000
2.96615266e2, 4.23670000, 2.29500000
2.97683509e2, 4.23660000, 2.27770000
2.98759473e2, 4.24030000, 2.26490000
2.99843244e2, 4.24640000, 2.25330000
3.00934906e2, 4.25350000, 2.24060000
3.02034546e2, 4.26170000, 2.23020000
3.03142253e2, 4.27130000, 2.22140000
3.04258114e2, 4.28150000, 2.21220000
3.05382220e2, 4.29240000, 2.20320000
3.06514663e2, 4.30590000, 2.19420000
3.07655537e2, 4.32260000, 2.18440000
3.08804935e2, 4.34280000, 2.17460000
3.09962953e2, 4.36320000, 2.16590000
3.11129690e2, 4.38230000, 2.15700000
3.12305243e2, 4.40430000, 2.14590000
3.13489712e2, 4.43210000, 2.13180000
3.14683201e2, 4.46400000, 2.11430000
3.15885812e2, 4.49450000, 2.09480000
3.17097650e2, 4.52240000, 2.07370000
3.18318822e2, 4.55000000, 2.04870000
3.19549436e2, 4.57780000, 2.01990000
3.20789602e2, 4.60800000, 1.99010000
3.22039432e2, 4.63900000, 1.95950000
3.23299039e2, 4.67230000, 1.92720000
3.24568537e2, 4.70910000, 1.89330000
3.25848045e2, 4.74270000, 1.85730000
3.27137682e2, 4.76980000, 1.81840000
3.28437566e2, 4.78950000, 1.77640000
3.29747823e2, 4.80210000, 1.72950000
3.31068575e2, 4.81050000, 1.67650000
3.32399950e2, 4.81810000, 1.62080000
3.33742076e2, 4.82720000, 1.56490000
3.35095085e2, 4.83760000, 1.50770000
3.36459108e2, 4.85010000, 1.44890000
3.37834281e2, 4.86140000, 1.39030000
3.39220742e2, 4.86670000, 1.33150000
3.40618630e2, 4.86660000, 1.27290000
3.42028086e2, 4.86210000, 1.21520000
3.43449256e2, 4.85270000, 1.15750000
3.44882285e2, 4.83960000, 1.10110000
3.46327322e2, 4.82350000, 1.04770000
3.47784520e2, 4.80440000, 9.97910000e-1
3.49254032e2, 4.78290000, 9.50800000e-1
3.50736015e2, 4.76000000, 9.05040000e-1
3.52230629e2, 4.73550000, 8.61300000e-1
3.53738035e2, 4.70970000, 8.20670000e-1
3.55258399e2, 4.68270000, 7.83830000e-1
3.56791889e2, 4.65480000, 7.50590000e-1
3.58338674e2, 4.62660000, 7.19760000e-1
3.59898930e2, 4.59880000, 6.90930000e-1
3.61472832e2, 4.57090000, 6.64050000e-1
3.63060560e2, 4.54250000, 6.39170000e-1
3.64662298e2, 4.51480000, 6.14270000e-1
3.66278231e2, 4.48920000, 5.87490000e-1
3.67908550e2, 4.46480000, 5.60670000e-1
3.69553446e2, 4.44080000, 5.35220000e-1
3.71213118e2, 4.41750000, 5.12090000e-1
3.72887763e2, 4.39440000, 4.92390000e-1
3.74577587e2, 4.37080000, 4.74940000e-1
3.76282796e2, 4.34680000, 4.57410000e-1
3.78003601e2, 4.32360000, 4.39030000e-1
3.79740218e2, 4.30110000, 4.20770000e-1
3.81492866e2, 4.27890000, 4.02660000e-1
3.83261766e2, 4.25770000, 3.84550000e-1
3.85047147e2, 4.23740000, 3.67790000e-1
3.86849240e2, 4.21720000, 3.53510000e-1
3.88668280e2, 4.19710000, 3.41160000e-1
3.90504508e2, 4.17700000, 3.29890000e-1
3.92358169e2, 4.15700000, 3.19310000e-1
3.94229511e2, 4.13740000, 3.07750000e-1
3.96118790e2, 4.11840000, 2.95060000e-1
3.98026264e2, 4.09950000, 2.82550000e-1
3.99952198e2, 4.08110000, 2.70080000e-1
4.01896860e2, 4.06360000, 2.58680000e-1
4.03860525e2, 4.04620000, 2.47560000e-1
4.05843474e2, 4.02840000, 2.34360000e-1
4.07845991e2, 4.01070000, 2.21420000e-1
4.09868368e2, 3.99390000, 2.10730000e-1
4.11910901e2, 3.97830000, 1.99740000e-1
4.13973894e2, 3.96340000, 1.87720000e-1
4.16057655e2, 3.94790000, 1.76200000e-1
4.18162500e2, 3.93110000, 1.64520000e-1
4.20288750e2, 3.91320000, 1.52540000e-1
4.22436734e2, 3.89580000, 1.41550000e-1
4.24606785e2, 3.88160000, 1.31670000e-1
4.26799247e2, 3.87090000, 1.22730000e-1
4.29014468e2, 3.86000000, 1.14400000e-1
4.31252804e2, 3.84750000, 1.06280000e-1
4.33514620e2, 3.83550000, 9.88110000e-2
4.35800286e2, 3.82430000, 9.19960000e-2
4.38110181e2, 3.81180000, 8.56930000e-2
4.40444694e2, 3.79540000, 8.02610000e-2
4.42804219e2, 3.77700000, 7.56040000e-2
4.45189161e2, 3.75940000, 7.12970000e-2
4.47599932e2, 3.74130000, 6.61610000e-2
4.50036956e2, 3.72260000, 6.02120000e-2
4.52500662e2, 3.70410000, 5.60780000e-2
4.54991491e2, 3.68810000, 5.29670000e-2
4.57509894e2, 3.67390000, 4.80000000e-2
4.60056331e2, 3.65830000, 4.25320000e-2
4.62631273e2, 3.64210000, 3.78680000e-2
4.65235202e2, 3.62560000, 3.31040000e-2
4.67868609e2, 3.60840000, 2.85870000e-2
4.70531997e2, 3.59240000, 2.45330000e-2
4.73225883e2, 3.57760000, 2.01120000e-2
4.75950792e2, 3.56360000, 1.53950000e-2
4.78707264e2, 3.55050000, 1.06260000e-2
4.81495850e2, 3.53630000, 5.55150000e-3
4.84317114e2, 3.52040000, 1.45460000e-3
4.87171636e2, 3.50370000, 0.00000000
4.90060005e2, 3.48770000, 0.00000000
4.92982828e2, 3.47450000, 0.00000000
4.95940725e2, 3.46260000, 0.00000000
4.98934331e2, 3.44990000, 0.00000000
5.01964297e2, 3.43840000, 0.00000000
5.05031288e2, 3.42860000, 0.00000000
5.08135989e2, 3.41790000, 0.00000000
5.11279098e2, 3.40600000, 0.00000000
5.14461333e2, 3.39580000, 0.00000000
5.17683429e2, 3.38660000, 0.00000000
5.20946140e2, 3.37630000, 0.00000000
5.24250238e2, 3.36630000, 0.00000000
5.27596516e2, 3.35780000, 0.00000000
5.30985787e2, 3.35010000, 0.00000000
5.34418885e2, 3.34140000, 0.00000000
5.37896665e2, 3.33210000, 0.00000000
5.41420006e2, 3.32370000, 0.00000000
5.44989808e2, 3.31480000, 0.00000000
5.48606997e2, 3.30610000, 0.00000000
5.52272522e2, 3.29820000, 0.00000000
5.55987360e2, 3.29110000, 0.00000000
5.59752511e2, 3.28480000, 0.00000000
5.63569006e2, 3.27740000, 0.00000000
5.67437901e2, 3.26890000, 0.00000000
5.71360282e2, 3.26170000, 0.00000000
5.75337268e2, 3.25590000, 0.00000000
5.79370006e2, 3.24900000, 0.00000000
5.83459677e2, 3.24150000, 0.00000000
5.87607494e2, 3.23560000, 0.00000000
5.91814708e2, 3.22970000, 0.00000000
5.96082602e2, 3.22330000, 0.00000000
6.00412500e2, 3.21630000, 0.00000000
6.04805762e2, 3.20950000, 0.00000000
6.09263790e2, 3.20340000, 0.00000000
6.13788026e2, 3.19670000, 0.00000000
6.18379957e2, 3.19020000, 0.00000000
6.23041112e2, 3.18440000, 0.00000000
6.27773070e2, 3.17930000, 0.00000000
6.32577456e2, 3.17440000, 0.00000000
6.37455945e2, 3.16880000, 0.00000000
6.42410266e2, 3.16340000, 0.00000000
6.47442200e2, 3.15810000, 0.00000000
6.52553586e2, 3.15350000, 0.00000000
6.57746320e2, 3.14890000, 0.00000000
6.63022360e2, 3.14380000, 0.00000000
6.68383727e2, 3.13820000, 0.00000000
6.73832507e2, 3.13200000, 0.00000000
6.79370856e2, 3.12650000, 0.00000000
6.85001002e2, 3.12240000, 0.00000000
6.90725244e2, 3.11830000, 0.00000000
6.96545962e2, 3.11300000, 0.00000000
7.02465616e2, 3.10850000, 0.00000000
7.08486750e2, 3.10530000, 0.00000000
7.14611996e2, 3.10090000, 0.00000000
7.20844077e2, 3.09520000, 0.00000000
7.27185814e2, 3.09100000, 0.00000000
7.33640126e2, 3.08740000, 0.00000000
7.40210038e2, 3.08260000, 0.00000000
7.46898682e2, 3.07860000, 0.00000000
7.53709309e2, 3.07520000, 0.00000000
7.60645284e2, 3.07050000, 0.00000000
7.67710101e2, 3.06600000, 0.00000000
7.74907383e2, 3.06220000, 0.00000000
7.82240891e2, 3.05900000, 0.00000000
7.89714531e2, 3.05590000, 0.00000000
7.97332356e2, 3.05220000, 0.00000000
8.05098580e2, 3.04870000, 0.00000000
8.13017582e2, 3.04510000, 0.00000000
8.21093916e2, 3.04220000, 0.00000000
8.29332316e2, 3.03870000, 0.00000000
8.37737711e2, 3.03470000, 0.00000000
8.46315231e2, 3.03200000, 0.00000000
8.55070216e2, 3.02930000, 0.00000000
8.64008232e2, 3.02610000, 0.00000000
8.73135080e2, 3.02290000, 0.00000000
8.82456806e2, 3.01910000, 0.00000000
8.91979722e2, 3.01480000, 0.00000000
9.01710409e2, 3.01170000, 0.00000000
9.11655745e2, 3.01000000, 0.00000000
9.21822909e2, 3.00760000, 0.00000000
9.32219408e2, 3.00470000, 0.00000000
9.42853090e2, 3.00180000, 0.00000000
9.53732164e2, 2.99900000, 0.00000000
9.64865224e2, 2.99560000, 0.00000000
9.76261270e2, 2.99230000, 0.00000000
9.87929731e2, 2.99020000, 0.00000000
