wavelength (nm), n, k
2.00000000e2, 1.42000000, 1.71500000
2.05426357e2, 1.39040000, 1.71253000
2.10852713e2, 1.38449000, 1.74254000
2.16279070e2, 1.37837000, 1.81765000
2.21705426e2, 1.41347000, 1.91943000
2.27131783e2, 1.48102000, 2.01879000
2.32558140e2, 1.58918000, 2.09709000
2.37984496e2, 1.70315000, 2.14953000
2.43410853e2, 1.82532000, 2.18488000
2.48837209e2, 1.94871000, 2.20017000
2.54263566e2, 2.08103000, 2.19847000
2.59689922e2, 2.21539000, 2.17140000
2.65116279e2, 2.34176000, 2.11254000
2.70542636e2, 2.44053000, 2.01983000
2.75968992e2, 2.49683000, 1.91966000
2.81395349e2, 2.51859000, 1.83246000
2.86821705e2, 2.52100000, 1.76408000
2.92248062e2, 2.51925000, 1.71771000
2.97674419e2, 2.51648000, 1.68160000
3.03100775e2, 2.51345000, 1.65464000
3.08527132e2, 2.51123000, 1.63549000
3.13953488e2, 2.51000000, 1.62078000
3.19379845e2, 2.51039000, 1.61202000
3.24806202e2, 2.51158000, 1.60664000
3.30232558e2, 2.51350000, 1.60575000
3.35658915e2, 2.51747000, 1.60860000
3.41085271e2, 2.52470000, 1.61474000
3.46511628e2, 2.53302000, 1.62202000
3.51937984e2, 2.54433000, 1.63229000
3.57364341e2, 2.55804000, 1.64453000
3.62790698e2, 2.57339000, 1.65844000
3.68217054e2, 2.59289000, 1.67429000
3.73643411e2, 2.61570000, 1.69188000
3.79069767e2, 2.64136000, 1.71023000
3.84496124e2, 2.67095000, 1.72884000
3.89922481e2, 2.70695000, 1.74946000
3.95348837e2, 2.75034000, 1.76942000
4.00775194e2, 2.80238000, 1.78589000
4.06201550e2, 2.86520000, 1.79412000
4.11627907e2, 2.93182000, 1.78390000
4.17054264e2, 2.99654000, 1.76297000
4.22480620e2, 3.04698000, 1.72866000
4.27906977e2, 3.08510000, 1.69040000
4.33333333e2, 3.11366000, 1.65377000
4.38759690e2, 3.13428000, 1.62194000
4.44186047e2, 3.15031000, 1.59522000
4.49612403e2, 3.16321000, 1.57269000
4.55038760e2, 3.17572000, 1.55353000
4.60465116e2, 3.18712000, 1.53936000
4.65891473e2, 3.19823000, 1.52963000
4.71317829e2, 3.21092000, 1.52247000
4.76744186e2, 3.22608000, 1.51694000
4.82170543e2, 3.24308000, 1.51613000
4.87596899e2, 3.26424000, 1.51730000
4.93023256e2, 3.28933000, 1.52098000
4.98449612e2, 3.31924000, 1.52666000
5.03875969e2, 3.35641000, 1.53335000
5.09302326e2, 3.40460000, 1.53671000
5.14728682e2, 3.46631000, 1.52820000
5.20155039e2, 3.53257000, 1.51092000
5.25581395e2, 3.59716000, 1.46959000
5.31007752e2, 3.65085000, 1.41450000
5.36434109e2, 3.68944000, 1.35293000
5.41860465e2, 3.71049000, 1.29046000
5.47286822e2, 3.72983000, 1.22989000
5.52713178e2, 3.73744000, 1.17208000
5.58139535e2, 3.73878000, 1.09812000
5.63565891e2, 3.73692000, 1.06116000
5.68992248e2, 3.73188000, 1.03174000
5.74418605e2, 3.72503000, 9.92082000e-1
5.79844961e2, 3.71654000, 9.57393000e-1
5.85271318e2, 3.70768000, 9.25087000e-1
5.90697674e2, 3.69737000, 8.96062000e-1
5.96124031e2, 3.68859000, 8.62388000e-1
6.01550388e2, 3.67847000, 8.43800000e-1
6.06976744e2, 3.66921000, 8.20632000e-1
6.12403101e2, 3.65918000, 7.98298000e-1
6.17829457e2, 3.64931000, 7.78617000e-1
6.23255814e2, 3.64162000, 7.58913000e-1
6.28682171e2, 3.63226000, 7.42266000e-1
6.34108527e2, 3.62288000, 7.25243000e-1
6.39534884e2, 3.61438000, 7.09677000e-1
6.44961240e2, 3.60630000, 6.95678000e-1
6.50387597e2, 3.59837000, 6.82079000e-1
6.55813953e2, 3.59010000, 6.69477000e-1
6.61240310e2, 3.58195000, 6.58268000e-1
6.66666667e2, 3.57499000, 6.47408000e-1
6.72093023e2, 3.56676000, 6.37706000e-1
6.77519380e2, 3.56003000, 6.28228000e-1
6.82945736e2, 3.55359000, 6.18855000e-1
6.88372093e2, 3.54695000, 6.09737000e-1
6.93798450e2, 3.54020000, 6.00968000e-1
6.99224806e2, 3.53477000, 5.92596000e-1
7.04651163e2, 3.52947000, 5.84165000e-1
7.10077519e2, 3.52427000, 5.76350000e-1
7.15503876e2, 3.51927000, 5.68890000e-1
7.20930233e2, 3.51493000, 5.60424000e-1
7.26356589e2, 3.51068000, 5.54509000e-1
7.31782946e2, 3.50599000, 5.48765000e-1
7.37209302e2, 3.50049000, 5.42102000e-1
7.42635659e2, 3.49876000, 5.37119000e-1
7.48062016e2, 3.49598000, 5.31087000e-1
7.53488372e2, 3.49135000, 5.23477000e-1
7.58914729e2, 3.48677000, 5.17945000e-1
7.64341085e2, 3.48250000, 5.12857000e-1
7.69767442e2, 3.47872000, 5.08188000e-1
7.75193798e2, 3.47550000, 5.04604000e-1
7.80620155e2, 3.47208000, 5.01292000e-1
7.86046512e2, 3.46720000, 4.98061000e-1
7.91472868e2, 3.46403000, 4.92690000e-1
7.96899225e2, 3.46226000, 4.85553000e-1
8.02325581e2, 3.45658000, 4.87452000e-1
8.07751938e2, 3.45066000, 4.89739000e-1
8.13178295e2, 3.44783000, 4.83408000e-1
8.18604651e2, 3.44522000, 4.77803000e-1
8.24031008e2, 3.44300000, 4.73539000e-1
8.29457364e2, 3.44111000, 4.68719000e-1
8.34883721e2, 3.43949000, 4.63433000e-1
8.40310078e2, 3.43786000, 4.58146000e-1
8.45736434e2, 3.43624000, 4.52860000e-1
8.51162791e2, 3.43461000, 4.47574000e-1
8.56589147e2, 3.43299000, 4.42288000e-1
8.62015504e2, 3.43137000, 4.37002000e-1
8.67441860e2, 3.42974000, 4.31716000e-1
8.72868217e2, 3.42812000, 4.26430000e-1
8.78294574e2, 3.42649000, 4.21144000e-1
8.83720930e2, 3.42487000, 4.15858000e-1
8.89147287e2, 3.42324000, 4.10572000e-1
8.94573643e2, 3.42162000, 4.05286000e-1
9.00000000e2, 3.42000000, 4.00000000e-1
