wavelength (nm), n, k
1.54981477e2, 2.65100000, 9.62000000e-1
1.55956203e2, 2.66391200, 9.44304000e-1
1.56943267e2, 2.67645600, 9.25872000e-1
1.57942906e2, 2.68854400, 9.06688000e-1
1.58955361e2, 2.70008800, 8.86736000e-1
1.59980879e2, 2.71100000, 8.66000000e-1
1.61019716e2, 2.72119200, 8.44464000e-1
1.62072132e2, 2.73057600, 8.22112000e-1
1.63138396e2, 2.73906400, 7.98928000e-1
1.64218783e2, 2.74661400, 7.75047000e-1
1.65313575e2, 2.75300000, 7.50000000e-1
1.66423062e2, 2.75790200, 7.22998000e-1
1.67547542e2, 2.76156800, 6.95144000e-1
1.68687321e2, 2.76417400, 6.67108000e-1
1.69842714e2, 2.76562400, 6.39392000e-1
1.71014043e2, 2.76584600, 6.12756000e-1
1.72201641e2, 2.76494400, 5.87096000e-1
1.73405848e2, 2.76293400, 5.62740000e-1
1.74627016e2, 2.76000800, 5.39152000e-1
1.75865505e2, 2.75629100, 5.15950000e-1
1.77121688e2, 2.75200000, 4.93000000e-1
1.78395944e2, 2.74747500, 4.69965000e-1
1.79688669e2, 2.74248000, 4.47080000e-1
1.81000265e2, 2.73686800, 4.24484000e-1
1.82331149e2, 2.73072000, 4.02120000e-1
1.83681750e2, 2.72408400, 3.79972000e-1
1.85052509e2, 2.71691200, 3.58056000e-1
1.86443882e2, 2.70920400, 3.36372000e-1
1.87856335e2, 2.70086400, 3.14952000e-1
1.89290353e2, 2.69183900, 2.93884000e-1
1.90746433e2, 2.68200000, 2.73000000e-1
1.92225087e2, 2.67113500, 2.52011000e-1
1.93726846e2, 2.65943200, 2.31376000e-1
1.95252254e2, 2.64704000, 2.11386000e-1
1.96801875e2, 2.63385600, 1.92248000e-1
1.98376290e2, 2.61977600, 1.74266000e-1
1.99976099e2, 2.60495200, 1.57440000e-1
2.01601921e2, 2.58940800, 1.41922000e-1
2.03254396e2, 2.57342400, 1.27560000e-1
2.04934184e2, 2.55719600, 1.14205000e-1
2.06641969e2, 2.54100000, 1.02000000e-1
2.08378456e2, 2.52525900, 9.11250000e-2
2.10144375e2, 2.50973600, 8.13200000e-2
2.11940481e2, 2.49430200, 7.24060000e-2
2.13767554e2, 2.47904800, 6.43200000e-2
2.15626402e2, 2.46401400, 5.69580000e-2
2.17517862e2, 2.44922400, 5.02640000e-2
2.19442799e2, 2.43471000, 4.41580000e-2
2.21402109e2, 2.42048800, 3.86080000e-2
2.23396723e2, 2.40656600, 3.36070000e-2
2.25427602e2, 2.39300000, 2.90000000e-2
2.27495745e2, 2.37986900, 2.45710000e-2
2.29602188e2, 2.36712000, 2.04940000e-2
2.31748002e2, 2.35472000, 1.68560000e-2
2.33934304e2, 2.34268000, 1.37090000e-2
2.36162250e2, 2.33100000, 1.11600000e-2
2.38433041e2, 2.31968000, 9.13200000e-3
2.40747925e2, 2.30872000, 7.64100000e-3
2.43108199e2, 2.29812000, 6.52000000e-3
2.45515210e2, 2.28787700, 5.65800000e-3
2.47970363e2, 2.27800000, 4.90000000e-3
2.50475114e2, 2.26850900, 3.99200000e-3
2.53030982e2, 2.25937600, 3.11400000e-3
2.55639549e2, 2.25057800, 2.36600000e-3
2.58302461e2, 2.24212800, 1.73300000e-3
2.61021434e2, 2.23403900, 1.24200000e-3
2.63798258e2, 2.22628000, 8.71000000e-4
2.66634798e2, 2.21884400, 6.23000000e-4
2.69533003e2, 2.21168000, 4.54000000e-4
2.72494904e2, 2.20474000, 3.25000000e-4
2.75522625e2, 2.19800000, 2.20000000e-4
2.78618385e2, 2.19139500, 9.50000000e-5
2.81784503e2, 2.18500000, 0.00000000
2.85023405e2, 2.17893700, 1.40000000e-5
2.88337631e2, 2.17300000, 0.00000000
2.91729838e2, 2.16687500, 0.00000000
2.95202813e2, 2.16100000, 0.00000000
2.98759473e2, 2.15587500, 0.00000000
3.02402881e2, 2.15100000, 0.00000000
3.06136250e2, 2.14593800, 0.00000000
3.09962953e2, 2.14100000, 0.00000000
3.13886535e2, 2.13643800, 0.00000000
3.17910721e2, 2.13200000, 0.00000000
3.22039432e2, 2.12750000, 0.00000000
3.26276793e2, 2.12300000, 0.00000000
3.30627150e2, 2.11837500, 0.00000000
3.35095085e2, 2.11400000, 0.00000000
3.39685428e2, 2.11043800, 0.00000000
3.44403281e2, 2.10700000, 0.00000000
3.49254032e2, 2.10300000, 0.00000000
3.54243375e2, 2.09900000, 0.00000000
3.59377337e2, 2.09543800, 0.00000000
3.64662298e2, 2.09200000, 0.00000000
3.70105019e2, 2.08850000, 0.00000000
3.75712671e2, 2.08500000, 0.00000000
3.81492866e2, 2.08143800, 0.00000000
3.87453692e2, 2.07800000, 0.00000000
3.93603750e2, 2.07493800, 0.00000000
3.99952198e2, 2.07200000, 0.00000000
4.06508791e2, 2.06900000, 0.00000000
4.13283938e2, 2.06600000, 0.00000000
4.20288750e2, 2.06293700, 0.00000000
4.27535108e2, 2.06000000, 0.00000000
4.35035724e2, 2.05743700, 0.00000000
4.42804219e2, 2.05500000, 0.00000000
4.50855205e2, 2.05250000, 0.00000000
4.59204375e2, 2.05000000, 0.00000000
4.67868609e2, 2.04743700, 0.00000000
4.76866082e2, 2.04500000, 0.00000000
4.86216397e2, 2.04293800, 0.00000000
4.95940725e2, 2.04100000, 0.00000000
5.06061964e2, 2.03900000, 0.00000000
5.16604922e2, 2.03700000, 0.00000000
5.27596516e2, 2.03500000, 0.00000000
5.39066006e2, 2.03300000, 0.00000000
5.51045250e2, 2.03100000, 0.00000000
5.63569006e2, 2.02900000, 0.00000000
5.76675262e2, 2.02693700, 0.00000000
5.90405625e2, 2.02500000, 0.00000000
6.04805762e2, 2.02343800, 0.00000000
6.19925906e2, 2.02200000, 0.00000000
6.35821443e2, 2.02050000, 0.00000000
6.52553586e2, 2.01900000, 0.00000000
6.70190169e2, 2.01750000, 0.00000000
6.88806563e2, 2.01600000, 0.00000000
7.08486750e2, 2.01450000, 0.00000000
7.29324596e2, 2.01300000, 0.00000000
7.51425341e2, 2.01143700, 0.00000000
7.74907383e2, 2.01000000, 0.00000000
7.99904395e2, 2.00893700, 0.00000000
8.26567875e2, 2.00800000, 0.00000000
8.55070216e2, 2.00700000, 0.00000000
8.85608438e2, 2.00600000, 0.00000000
9.18408750e2, 2.00500000, 0.00000000
9.53732164e2, 2.00400000, 0.00000000
9.91881450e2, 2.00300000, 0.00000000
1.03320984e3, 2.00200000, 0.00000000
1.07813201e3, 2.00100000, 0.00000000
1.12713801e3, 2.00000000, 0.00000000
1.18081125e3, 1.99900000, 0.00000000
1.23985181e3, 1.99800000, 0.00000000
