wavelength (nm), n, k
1.63138396e2, 5.25120000e-1, 2.16784000
1.63568841e2, 5.32938000e-1, 2.17385700
1.64001563e2, 5.40312000e-1, 2.18008700
1.64436580e2, 5.47265000e-1, 2.18652400
1.64873911e2, 5.53820000e-1, 2.19316400
1.65313575e2, 5.60000000e-1, 2.20000000
1.65755590e2, 5.65828000e-1, 2.20702900
1.66199975e2, 5.71327000e-1, 2.21424400
1.66646749e2, 5.76520000e-1, 2.22164100
1.67095932e2, 5.81430000e-1, 2.22921500
1.67547542e2, 5.86080000e-1, 2.23696000
1.68001601e2, 5.90493000e-1, 2.24487200
1.68458127e2, 5.94693000e-1, 2.25294400
1.68917141e2, 5.98702000e-1, 2.26117400
1.69378663e2, 6.02543000e-1, 2.26955400
1.69842714e2, 6.06240000e-1, 2.27808000
1.70309315e2, 6.09816000e-1, 2.28674700
1.70778487e2, 6.13293000e-1, 2.29554900
1.71250250e2, 6.16695000e-1, 2.30448200
1.71724628e2, 6.20043000e-1, 2.31354100
1.72201641e2, 6.23357000e-1, 2.32272100
1.72681311e2, 6.26648000e-1, 2.33202100
1.73163661e2, 6.29956000e-1, 2.34143200
1.73648713e2, 6.33314000e-1, 2.35094400
1.74136491e2, 6.36749000e-1, 2.36055200
1.74627016e2, 6.40275000e-1, 2.37025300
1.75120313e2, 6.43890000e-1, 2.38005000
1.75616404e2, 6.47666000e-1, 2.38992300
1.76115314e2, 6.51638000e-1, 2.39986400
1.76617067e2, 6.55869000e-1, 2.40985500
1.77121688e2, 6.60451000e-1, 2.41987200
1.77629200e2, 6.65588000e-1, 2.42985600
1.78139628e2, 6.71088000e-1, 2.43986400
1.78652999e2, 6.76866000e-1, 2.44992600
1.79169337e2, 6.82873000e-1, 2.46005600
1.79688669e2, 6.89094000e-1, 2.47025600
1.80211019e2, 6.95495000e-1, 2.48052800
1.80736416e2, 7.02052000e-1, 2.49089600
1.81264885e2, 7.08745000e-1, 2.50137200
1.81796454e2, 7.15539000e-1, 2.51197600
1.82331149e2, 7.22385000e-1, 2.52273600
1.82868999e2, 7.29193000e-1, 2.53370900
1.83410031e2, 7.36023000e-1, 2.54484800
1.83954275e2, 7.42900000e-1, 2.55613100
1.84501758e2, 7.49825000e-1, 2.56755200
1.85052509e2, 7.56779000e-1, 2.57911700
1.85606559e2, 7.63729000e-1, 2.59084100
1.86163936e2, 7.70721000e-1, 2.60269100
1.86724671e2, 7.77781000e-1, 2.61465000
1.87288793e2, 7.84927000e-1, 2.62669900
1.87856335e2, 7.92171000e-1, 2.63882300
1.88427327e2, 7.99531000e-1, 2.65099100
1.89001801e2, 8.07015000e-1, 2.66321400
1.89579788e2, 8.14625000e-1, 2.67548600
1.90161321e2, 8.22381000e-1, 2.68780900
1.90746433e2, 8.30316000e-1, 2.70019700
1.91335156e2, 8.38507000e-1, 2.71270700
1.91927525e2, 8.46873000e-1, 2.72524200
1.92523573e2, 8.55373000e-1, 2.73773700
1.93123335e2, 8.63986000e-1, 2.75016300
1.93726846e2, 8.72712000e-1, 2.76252900
1.94334140e2, 8.81561000e-1, 2.77491200
1.94945254e2, 8.90479000e-1, 2.78712100
1.95560223e2, 8.99436000e-1, 2.79907300
1.96179084e2, 9.08392000e-1, 2.81063600
1.96801875e2, 9.17295000e-1, 2.82163100
1.97428633e2, 9.26031000e-1, 2.83164000
1.98059395e2, 9.34694000e-1, 2.84106400
1.98694201e2, 9.43327000e-1, 2.85011100
1.99333089e2, 9.51942000e-1, 2.85885300
1.99976099e2, 9.60517000e-1, 2.86723300
2.00623271e2, 9.68997000e-1, 2.87505500
2.01274645e2, 9.77483000e-1, 2.88276500
2.01930263e2, 9.86361000e-1, 2.89108500
2.02590166e2, 9.95349000e-1, 2.89977500
2.03254396e2, 1.00349800, 2.90763200
2.03922996e2, 1.00004800, 2.90533700
2.04596009e2, 9.95253000e-1, 2.90138100
2.05273479e2, 9.92848000e-1, 2.89873000
2.05955451e2, 9.96564000e-1, 2.90034900
2.06641969e2, 1.01013600, 2.90920100
2.07333079e2, 1.03522200, 2.92832800
2.08028828e2, 1.04697700, 2.94214400
2.08729261e2, 1.06549500, 2.93902800
2.09434428e2, 1.06870400, 2.96086700
2.10144375e2, 1.08037000, 2.97983000
2.10859152e2, 1.09031800, 2.98963000
2.11578808e2, 1.10140700, 3.00348000
2.12303393e2, 1.10974000, 3.01565000
2.13032958e2, 1.11880200, 3.02508500
2.13767554e2, 1.13254400, 3.04478300
2.14507234e2, 1.13910500, 3.06055000
2.15252051e2, 1.15478800, 3.07263400
2.16002058e2, 1.16458300, 3.08631200
2.16757310e2, 1.17511700, 3.10270500
2.17517862e2, 1.18588500, 3.11961500
2.18283770e2, 1.19508600, 3.13498800
2.19055091e2, 1.21069300, 3.15007600
2.19831882e2, 1.22184400, 3.16915500
2.20614202e2, 1.23471400, 3.19006500
2.21402109e2, 1.24747300, 3.20674300
2.22195665e2, 1.26524900, 3.22792600
2.22994930e2, 1.28067300, 3.24533500
2.23799966e2, 1.29839900, 3.26703300
2.24610836e2, 1.31861400, 3.28518600
2.25427602e2, 1.33997400, 3.30158400
2.26250331e2, 1.36204900, 3.31861700
2.27079087e2, 1.38925600, 3.33441800
2.27913936e2, 1.41626300, 3.34957200
2.28754947e2, 1.44468700, 3.35933200
2.29602188e2, 1.47176200, 3.36638900
2.30455727e2, 1.50138400, 3.36855700
2.31315637e2, 1.52610500, 3.36745700
2.32181987e2, 1.54820800, 3.36375400
2.33054852e2, 1.56554800, 3.35851200
2.33934304e2, 1.57855100, 3.35285900
2.34820419e2, 1.58549200, 3.34631500
2.35713272e2, 1.58987100, 3.34426000
2.36612941e2, 1.59139600, 3.34368900
2.37519504e2, 1.59188700, 3.34714000
2.38433041e2, 1.58869600, 3.35363400
2.39353632e2, 1.58614300, 3.36306100
2.40281359e2, 1.58156200, 3.37555900
2.41216306e2, 1.57829400, 3.38948600
2.42158557e2, 1.57377300, 3.40823000
2.43108199e2, 1.57107300, 3.42924700
2.44065318e2, 1.56967900, 3.45084200
2.45030003e2, 1.56881600, 3.47686800
2.46002344e2, 1.56829300, 3.50370500
2.46982433e2, 1.56890300, 3.53349000
2.47970363e2, 1.57044600, 3.56473600
2.48966227e2, 1.57494700, 3.59784600
2.49970124e2, 1.57955500, 3.63253700
2.50982148e2, 1.58427500, 3.67001100
2.52002401e2, 1.59086000, 3.70933400
2.53030982e2, 1.59703900, 3.74918900
2.54067994e2, 1.60841800, 3.78894700
2.55113542e2, 1.61756000, 3.83512300
2.56167730e2, 1.62913300, 3.88012200
2.57230667e2, 1.64319700, 3.92857900
2.58302461e2, 1.65767800, 3.97909400
2.59383224e2, 1.67326900, 4.03147700
2.60473070e2, 1.69202700, 4.08837500
2.61572112e2, 1.71318100, 4.14868300
2.62680469e2, 1.73710500, 4.21114600
2.63798258e2, 1.76411100, 4.27810000
2.64925601e2, 1.79390000, 4.35062300
2.66062621e2, 1.83134100, 4.42619500
2.67209442e2, 1.87450400, 4.50629600
2.68366193e2, 1.92744500, 4.59051200
2.69533003e2, 1.98794000, 4.67807900
2.70710003e2, 2.05927000, 4.76456900
2.71897327e2, 2.14090500, 4.84967000
2.73095113e2, 2.23435000, 4.93322300
2.74303498e2, 2.33895700, 5.01132600
2.75522625e2, 2.45172800, 5.08195700
2.76752637e2, 2.57196100, 5.14776000
2.77993680e2, 2.69982200, 5.20606900
2.79245904e2, 2.83395000, 5.25772900
2.80509460e2, 2.97449200, 5.30400800
2.81784503e2, 3.12071600, 5.34381800
2.83071190e2, 3.27711800, 5.38062800
2.84369682e2, 3.44475700, 5.41369400
2.85680141e2, 3.63446100, 5.43531800
2.87002734e2, 3.85004600, 5.43846300
2.88337631e2, 4.08698900, 5.39494000
2.89685003e2, 4.31958600, 5.29987400
2.91045027e2, 4.52564300, 5.15633100
2.92417880e2, 4.68640100, 4.98743100
2.93803747e2, 4.80472200, 4.81094700
2.95202813e2, 4.88813100, 4.63918800
2.96615266e2, 4.94118700, 4.47988500
2.98041301e2, 4.97698400, 4.33428800
2.99481114e2, 4.99944700, 4.20392400
3.00934906e2, 5.01238000, 4.08585500
3.02402881e2, 5.01959800, 3.97912200
3.03885248e2, 5.02102100, 3.88449700
3.05382220e2, 5.02014200, 3.79821200
3.06894013e2, 5.01760300, 3.72004800
3.08420849e2, 5.01458900, 3.64962500
3.09962953e2, 5.01056100, 3.58644900
3.11520556e2, 5.00866200, 3.52885500
3.13093892e2, 5.00980400, 3.47669700
3.14683201e2, 5.00902200, 3.42926200
3.16288728e2, 5.01196800, 3.38549500
3.17910721e2, 5.01599700, 3.34601500
3.19549436e2, 5.02156500, 3.30957800
3.21205133e2, 5.02933200, 3.27515200
3.22878076e2, 5.03963400, 3.24180500
3.24568537e2, 5.05226500, 3.21102700
3.26276793e2, 5.06495200, 3.18167300
3.28003125e2, 5.07903800, 3.15405200
3.29747823e2, 5.09542000, 3.12746300
3.31511180e2, 5.11457200, 3.10259400
3.33293498e2, 5.13450300, 3.07897400
3.35095085e2, 5.15551900, 3.05762100
3.36916254e2, 5.17912800, 3.03873100
3.38757326e2, 5.20403300, 3.02096200
3.40618630e2, 5.23096500, 3.00651400
3.42500501e2, 5.26145800, 2.99489400
3.44403281e2, 5.29564500, 2.98660700
3.46327322e2, 5.33563800, 2.98256700
3.48272981e2, 5.38341000, 2.98355600
3.50240625e2, 5.44172900, 2.98909100
3.52230629e2, 5.51489600, 2.99908300
3.54243375e2, 5.60988500, 3.01433900
3.56279257e2, 5.73358200, 3.02673500
3.58338674e2, 5.89401800, 3.02214200
3.60422039e2, 6.08828100, 2.98097400
3.62529770e2, 6.30722800, 2.88014300
3.64662298e2, 6.52146900, 2.70488900
3.66820063e2, 6.69487200, 2.45553800
3.69003516e2, 6.79633700, 2.16782500
3.71213118e2, 6.82889700, 1.86846300
3.73449341e2, 6.79787900, 1.57645700
3.75712671e2, 6.70742300, 1.31987100
3.78003601e2, 6.58566000, 1.10942000
3.80322642e2, 6.45225900, 9.44582000e-1
3.82670313e2, 6.31582200, 8.14854000e-1
3.85047147e2, 6.18508200, 7.13793000e-1
3.87453692e2, 6.06231300, 6.29792000e-1
3.89890507e2, 5.94805300, 5.61032000e-1
3.92358169e2, 5.84163200, 5.04621000e-1
3.94857265e2, 5.74364400, 4.55556000e-1
3.97388402e2, 5.65376500, 4.16402000e-1
3.99952198e2, 5.56993100, 3.87951000e-1
4.02549290e2, 5.49235700, 3.55825000e-1
4.05180331e2, 5.42003100, 3.28277000e-1
4.07845991e2, 5.34915700, 3.12384000e-1
4.10546958e2, 5.28362300, 2.91263000e-1
4.13283938e2, 5.23397300, 2.77690000e-1
4.16057655e2, 5.17494200, 2.60652000e-1
4.18868856e2, 5.11913500, 2.45284000e-1
4.21718304e2, 5.06624600, 2.31422000e-1
4.24606785e2, 5.01598600, 2.18948000e-1
4.27535108e2, 4.96809900, 2.07728000e-1
4.30504102e2, 4.92237900, 1.97567000e-1
4.33514620e2, 4.87866900, 1.88201000e-1
4.36567540e2, 4.83684100, 1.79366000e-1
4.39663763e2, 4.79677400, 1.70884000e-1
4.42804219e2, 4.75834700, 1.62748000e-1
4.45989861e2, 4.72142800, 1.55114000e-1
4.49221671e2, 4.68589900, 1.48216000e-1
4.52500662e2, 4.65165800, 1.42213000e-1
4.55827872e2, 4.61863500, 1.37049000e-1
4.59204375e2, 4.58678400, 1.32398000e-1
4.62631273e2, 4.55607600, 1.27740000e-1
4.66109704e2, 4.52648400, 1.22554000e-1
4.69640838e2, 4.49797100, 1.16542000e-1
4.73225883e2, 4.47048000, 1.09763000e-1
4.76866082e2, 4.44393300, 1.02604000e-1
4.80562718e2, 4.41824100, 9.56080000e-2
4.84317114e2, 4.39332200, 8.92550000e-2
4.88130635e2, 4.36910800, 8.38100000e-2
4.92004688e2, 4.34555500, 7.92830000e-2
4.95940725e2, 4.32263900, 7.54940000e-2
4.99940247e2, 4.30034000, 7.21680000e-2
5.04004802e2, 4.27864500, 6.90330000e-2
5.08135989e2, 4.25753800, 6.58830000e-2
5.12335460e2, 4.23700200, 6.26140000e-2
5.16604922e2, 4.21701300, 5.92440000e-2
5.20946140e2, 4.19754300, 5.58830000e-2
5.25360938e2, 4.17856300, 5.26840000e-2
5.29851202e2, 4.16004800, 4.97640000e-2
5.34418885e2, 4.14197900, 4.71510000e-2
5.39066006e2, 4.12435000, 4.47800000e-2
5.43794655e2, 4.10715700, 4.25480000e-2
5.48606997e2, 4.09039700, 4.03790000e-2
5.53505274e2, 4.07406400, 3.82630000e-2
5.58491808e2, 4.05814300, 3.62510000e-2
5.63569006e2, 4.04261900, 3.44070000e-2
5.68739364e2, 4.02747700, 3.27770000e-2
5.74005469e2, 4.01270400, 3.13640000e-2
5.79370006e2, 3.99829200, 3.01310000e-2
5.84835761e2, 3.98423000, 2.90150000e-2
5.90405625e2, 3.97050600, 2.79450000e-2
5.96082602e2, 3.95710100, 2.68630000e-2
6.01869812e2, 3.94399200, 2.57380000e-2
6.07770497e2, 3.93115500, 2.45660000e-2
6.13788026e2, 3.91857100, 2.33580000e-2
6.19925906e2, 3.90623000, 2.21330000e-2
6.26187784e2, 3.89307000, 2.14690000e-2
6.32577456e2, 3.88148100, 1.95370000e-2
6.39098873e2, 3.87025900, 1.77100000e-2
6.45756153e2, 3.85831300, 1.67820000e-2
6.52553586e2, 3.84675000, 1.63630000e-2
6.59495645e2, 3.83674600, 1.57190000e-2
6.66586996e2, 3.82572900, 1.49500000e-2
6.73832507e2, 3.81510300, 1.40410000e-2
6.81237260e2, 3.80537400, 1.34660000e-2
6.88806563e2, 3.79646100, 1.30350000e-2
6.96545962e2, 3.78732000, 1.25070000e-2
7.04461257e2, 3.77801200, 1.19110000e-2
7.12558513e2, 3.76841100, 1.13650000e-2
7.20844077e2, 3.76045700, 1.08610000e-2
7.29324596e2, 3.75217800, 1.04520000e-2
7.38007031e2, 3.74493200, 9.93800000e-3
7.46898682e2, 3.73628500, 9.34000000e-3
7.56007203e2, 3.72758500, 8.76900000e-3
7.65340625e2, 3.72091200, 8.23100000e-3
7.74907383e2, 3.71375200, 7.71900000e-3
7.84716337e2, 3.70524500, 7.18700000e-3
7.94776803e2, 3.69708500, 6.63400000e-3
8.05098580e2, 3.68770400, 6.11600000e-3
8.15691982e2, 3.68094000, 5.61000000e-3
8.26567875e2, 3.67186200, 5.28800000e-3
8.37737711e2, 3.66309500, 4.98200000e-3
8.49213570e2, 3.65479600, 4.68800000e-3
8.61008203e2, 3.64667000, 4.42600000e-3
8.73135080e2, 3.63872800, 4.19800000e-3
8.85608438e2, 3.63129800, 3.98700000e-3
8.98443343e2, 3.62484300, 3.78000000e-3
9.11655745e2, 3.61890200, 3.58300000e-3
9.25262547e2, 3.61328400, 3.39600000e-3
9.39281676e2, 3.60784800, 3.21600000e-3
9.53732164e2, 3.60250000, 3.03300000e-3
9.68634229e2, 3.59699600, 2.82500000e-3
9.84009375e2, 3.59148700, 2.61800000e-3
9.99880494e2, 3.58601700, 2.41900000e-3
1.01627198e3, 3.58059000, 2.24100000e-3
1.03320984e3, 3.57516600, 2.10100000e-3
1.05072188e3, 3.56970300, 2.04500000e-3
1.06883777e3, 3.56423500, 2.02000000e-3
1.08758931e3, 3.55878000, 2.00600000e-3
1.10701055e3, 3.55333800, 1.98200000e-3
1.12713801e3, 3.54789300, 1.92600000e-3
1.14801094e3, 3.54240100, 1.78700000e-3
1.16967152e3, 3.53693100, 1.61000000e-3
1.19216520e3, 3.53151500, 1.41500000e-3
1.21554099e3, 3.52619000, 1.21200000e-3
1.23985181e3, 3.52099200, 9.99000000e-4
1.26515491e3, 3.51600900, 7.78000000e-4
1.29151231e3, 3.51117400, 5.62000000e-4
1.31899129e3, 3.50646300, 3.54000000e-4
1.34766501e3, 3.50186200, 1.69000000e-4
1.37761313e3, 3.49736100, 3.10000000e-5
1.40892251e3, 3.49292100, 1.00000000e-6
1.44168815e3, 3.48858800, 0.00000000
1.47601406e3, 3.48438100, 0.00000000
1.51201441e3, 3.48031900, 0.00000000
1.54981477e3, 3.47641200, 0.00000000
1.58955361e3, 3.47268800, 0.00000000
1.63138396e3, 3.46913500, 0.00000000
1.67547542e3, 3.46575000, 0.00000000
1.72201641e3, 3.46253700, 0.00000000
1.77121688e3, 3.45950000, 0.00000000
1.82331149e3, 3.45664400, 0.00000000
1.87856335e3, 3.45397300, 0.00000000
1.93726846e3, 3.45141100, 0.00000000
1.99976099e3, 3.44904000, 0.00000000
2.06641969e3, 3.44710000, 0.00000000
2.13767554e3, 3.44612900, 0.00000000
2.21402109e3, 3.44547900, 0.00000000
2.29602188e3, 3.44488000, 0.00000000
2.38433041e3, 3.44406200, 0.00000000
2.47970363e3, 3.44275300, 0.00000000
