wavelength (nm), n, k
1.90746433e2, 1.74600000, 7.34800000e-1
1.92225087e2, 1.75432500, 7.33009000e-1
1.93726846e2, 1.76263200, 7.31016000e-1
1.95252254e2, 1.77092800, 7.28826000e-1
1.96801875e2, 1.77921600, 7.26444000e-1
1.98376290e2, 1.78750000, 7.23875000e-1
1.99976099e2, 1.79578400, 7.21124000e-1
2.01601921e2, 1.80407200, 7.18197000e-1
2.03254396e2, 1.81236800, 7.15096000e-1
2.04934184e2, 1.82067600, 7.11829000e-1
2.06641969e2, 1.82900000, 7.08400000e-1
2.08378456e2, 1.83734400, 7.04814000e-1
2.10144375e2, 1.84571200, 7.01076000e-1
2.11940481e2, 1.85410800, 6.97191000e-1
2.13767554e2, 1.86253600, 6.93164000e-1
2.15626402e2, 1.87100500, 6.89007000e-1
2.17517862e2, 1.87955100, 6.84787000e-1
2.19442799e2, 1.88813600, 6.80428000e-1
2.21402109e2, 1.89674400, 6.75904000e-1
2.23396723e2, 1.90536900, 6.71200000e-1
2.25427602e2, 1.91399300, 6.66293000e-1
2.27495745e2, 1.92256900, 6.61119000e-1
2.29602188e2, 1.93114400, 6.55725000e-1
2.31748002e2, 1.93973700, 6.50123000e-1
2.33934304e2, 1.94835000, 6.44313000e-1
2.36162250e2, 1.95702200, 6.38318000e-1
2.38433041e2, 1.96585400, 6.32215000e-1
2.40747925e2, 1.97472300, 6.25901000e-1
2.43108199e2, 1.98355800, 6.19314000e-1
2.45515210e2, 1.99233100, 6.12428000e-1
2.47970363e2, 2.00097600, 6.05165000e-1
2.50475114e2, 2.00939700, 5.97401000e-1
2.53030982e2, 2.01767900, 5.89282000e-1
2.55639549e2, 2.02587500, 5.80900000e-1
2.58302461e2, 2.03402600, 5.72334000e-1
2.61021434e2, 2.04220600, 5.63705000e-1
2.63798258e2, 2.05031300, 5.54894000e-1
2.66634798e2, 2.05826100, 5.45808000e-1
2.69533003e2, 2.06597100, 5.36364000e-1
2.72494904e2, 2.07334100, 5.26448000e-1
2.75522625e2, 2.08043800, 5.16163000e-1
2.78618385e2, 2.08732000, 5.05600000e-1
2.81784503e2, 2.09400800, 4.94826000e-1
2.85023405e2, 2.10053000, 4.83923000e-1
2.88337631e2, 2.10687500, 4.72831000e-1
2.91729838e2, 2.11302800, 4.61494000e-1
2.95202813e2, 2.11902300, 4.49904000e-1
2.98759473e2, 2.12489400, 4.38049000e-1
3.02402881e2, 2.13056300, 4.25900000e-1
3.06136250e2, 2.13594300, 4.13431000e-1
3.09962953e2, 2.14101600, 4.00561000e-1
3.13886535e2, 2.14575500, 3.87219000e-1
3.17910721e2, 2.15006300, 3.73500000e-1
3.22039432e2, 2.15384700, 3.59512000e-1
3.26276793e2, 2.15692600, 3.45306000e-1
3.30627150e2, 2.15913700, 3.30943000e-1
3.35095085e2, 2.16062500, 3.16450000e-1
3.39685428e2, 2.16154800, 3.01854000e-1
3.44403281e2, 2.16209100, 2.87213000e-1
3.49254032e2, 2.16241500, 2.72579000e-1
3.54243375e2, 2.16231200, 2.57950000e-1
3.59377337e2, 2.16155100, 2.43329000e-1
3.64662298e2, 2.15992600, 2.28639000e-1
3.70105019e2, 2.15724500, 2.13826000e-1
3.75712671e2, 2.15362500, 1.99088000e-1
3.81492866e2, 2.14921300, 1.84633000e-1
3.87453692e2, 2.14394400, 1.70638000e-1
3.93603750e2, 2.13778100, 1.57275000e-1
3.99952198e2, 2.13093700, 1.44554000e-1
4.06508791e2, 2.12362300, 1.32466000e-1
4.13283938e2, 2.11605500, 1.21152000e-1
4.20288750e2, 2.10844600, 1.10735000e-1
4.27535108e2, 2.10075000, 1.01095000e-1
4.35035724e2, 2.09292100, 9.21130000e-2
4.42804219e2, 2.08500800, 8.37230000e-2
4.50855205e2, 2.07705400, 7.58520000e-2
4.59204375e2, 2.06906200, 6.85120000e-2
4.67868609e2, 2.06104400, 6.17110000e-2
4.76866082e2, 2.05297100, 5.54470000e-2
4.86216397e2, 2.04480800, 4.97170000e-2
4.95940725e2, 2.03668700, 4.44780000e-2
5.06061964e2, 2.02871600, 3.96920000e-2
5.16604922e2, 2.02105500, 3.53330000e-2
5.27596516e2, 2.01389200, 3.13780000e-2
5.39066006e2, 2.00706200, 2.77850000e-2
5.51045250e2, 2.00045200, 2.45160000e-2
5.63569006e2, 1.99396900, 2.15200000e-2
5.76675262e2, 1.98748800, 1.87380000e-2
5.90405625e2, 1.98112400, 1.61850000e-2
6.04805762e2, 1.97494800, 1.38600000e-2
6.19925906e2, 1.96902300, 1.17490000e-2
6.35821443e2, 1.96345200, 9.83300000e-3
6.52553586e2, 1.95812500, 8.11100000e-3
6.70190169e2, 1.95298800, 6.57900000e-3
6.88806563e2, 1.94798500, 5.23000000e-3
7.08486750e2, 1.94302500, 4.06000000e-3
7.29324596e2, 1.93818800, 3.05700000e-3
7.51425341e2, 1.93351100, 2.21000000e-3
7.74907383e2, 1.92898800, 1.51000000e-3
7.99904395e2, 1.92456600, 9.47000000e-4
8.26567875e2, 1.92037900, 5.14000000e-4
8.55070216e2, 1.91650000, 2.01000000e-4
8.85608438e2, 1.91301700, 1.00000000e-6
9.18408750e2, 1.91011100, 0.00000000
9.53732164e2, 1.90759200, 0.00000000
9.91881450e2, 1.90540200, 0.00000000
1.03320984e3, 1.90350200, 0.00000000
1.07813201e3, 1.90185600, 0.00000000
1.12713801e3, 1.90042400, 0.00000000
1.18081125e3, 1.89916700, 0.00000000
1.23985181e3, 1.89804600, 0.00000000
1.30510717e3, 1.89702600, 0.00000000
1.37761313e3, 1.89606500, 0.00000000
1.45864919e3, 1.89512800, 0.00000000
1.54981477e3, 1.89417300, 0.00000000
1.65313575e3, 1.89316200, 0.00000000
1.77121688e3, 1.89205900, 0.00000000
1.90746433e3, 1.89082300, 0.00000000
