wavelength (nm), n, k
1.90746433e2, 1.26000000, 2.95000000
1.91482905e2, 1.27062500, 2.97101600
1.92225087e2, 1.28250000, 2.99312500
1.92973045e2, 1.29562500, 3.01617200
1.93726846e2, 1.31000000, 3.04000000
1.94486559e2, 1.32562500, 3.06445300
1.95252254e2, 1.34250000, 3.08937500
1.96024002e2, 1.36062500, 3.11461000
1.96801875e2, 1.38000000, 3.14000000
1.97585946e2, 1.40062500, 3.16539100
1.98376290e2, 1.42250000, 3.19062500
1.99172982e2, 1.44562500, 3.21554700
1.99976099e2, 1.47000000, 3.24000000
2.00785719e2, 1.49601500, 3.26304700
2.01601921e2, 1.52312500, 3.28562500
2.02424786e2, 1.55117200, 3.30789100
2.03254396e2, 1.58000000, 3.33000000
2.04090833e2, 1.60910400, 3.35200000
2.04934184e2, 1.63881500, 3.37420000
2.05784533e2, 1.66912000, 3.39680000
2.06641969e2, 1.70000000, 3.42000000
2.07506580e2, 1.73144000, 3.44400000
2.08378456e2, 1.76352000, 3.46800000
2.09257690e2, 1.79688000, 3.49200000
2.10144375e2, 1.83216000, 3.51600000
2.11038606e2, 1.87000000, 3.54000000
2.11940481e2, 1.91216000, 3.56512000
2.12850097e2, 1.95688000, 3.58896000
2.13767554e2, 2.00320000, 3.60896000
2.14692955e2, 2.05080000, 3.62512000
2.15626402e2, 2.10000000, 3.64000000
2.16568002e2, 2.15080000, 3.65712000
2.17517862e2, 2.20320000, 3.67296000
2.18476090e2, 2.25720000, 3.68560000
2.19442799e2, 2.31280000, 3.69440000
2.20418100e2, 2.37000000, 3.70000000
2.21402109e2, 2.42880000, 3.70240000
2.22394944e2, 2.48920100, 3.70160000
2.23396723e2, 2.55184000, 3.69824000
2.24407568e2, 2.61608000, 3.69168000
2.25427602e2, 2.68000000, 3.68000000
2.26456952e2, 2.74120000, 3.65912000
2.27495745e2, 2.80080100, 3.63376000
2.28544113e2, 2.85912000, 3.60744000
2.29602188e2, 2.91584000, 3.58048000
2.30670105e2, 2.97000000, 3.55000000
2.31748002e2, 3.01984000, 3.51192000
2.32836021e2, 3.06712000, 3.47096000
2.33934304e2, 3.11312000, 3.43032100
2.35042998e2, 3.15784000, 3.39064000
2.36162250e2, 3.20000000, 3.35000000
2.37292213e2, 3.23840000, 3.30776000
2.38433041e2, 3.27360000, 3.26328000
2.39584891e2, 3.30592000, 3.21528100
2.40747925e2, 3.33504000, 3.16376000
2.41922305e2, 3.36000000, 3.11000000
2.43108199e2, 3.38016000, 3.05352000
2.44305776e2, 3.39488000, 2.99736000
2.45515210e2, 3.40256000, 2.94472100
2.46736679e2, 3.40352000, 2.89624000
2.47970363e2, 3.40000000, 2.85000000
2.49216445e2, 3.39328000, 2.80424000
2.50475114e2, 3.38464000, 2.76072000
2.51746561e2, 3.37600000, 2.72040000
2.53030982e2, 3.36800000, 2.68360000
2.54328577e2, 3.36000000, 2.65000000
2.55639549e2, 3.35256000, 2.62016000
2.56964106e2, 3.34448000, 2.59288000
2.58302461e2, 3.33448000, 2.56720000
2.59654830e2, 3.32256000, 2.54280000
2.61021434e2, 3.31000000, 2.52000000
2.62402500e2, 3.29800000, 2.49880000
2.63798258e2, 3.28600000, 2.47920000
2.65208944e2, 3.27400000, 2.46152000
2.66634798e2, 3.26200000, 2.44544000
2.68076068e2, 3.25000000, 2.43000000
2.69533003e2, 3.23800000, 2.41400000
2.71005861e2, 3.22600000, 2.39800000
2.72494904e2, 3.21432000, 2.38136000
2.74000401e2, 3.20264000, 2.36472000
2.75522625e2, 3.19000000, 2.35000000
2.77061858e2, 3.17464000, 2.34016000
2.78618385e2, 3.15832000, 2.33288000
2.80192500e2, 3.14168000, 2.32752000
2.81784503e2, 3.12536000, 2.32344000
2.83394700e2, 3.11000000, 2.32000000
2.85023405e2, 3.09792000, 2.31488000
2.86670939e2, 3.08616000, 2.31104000
2.88337631e2, 3.07248000, 2.31104000
2.90023816e2, 3.05656000, 2.31488000
2.91729838e2, 3.04000000, 2.32000000
2.93456050e2, 3.02288000, 2.32288000
2.95202813e2, 3.00704000, 2.32704000
2.96970494e2, 2.99504000, 2.33504000
2.98759473e2, 2.98688000, 2.34688000
3.00570136e2, 2.98000000, 2.36000000
3.02402881e2, 2.97144000, 2.37144000
3.04258114e2, 2.96352000, 2.38352000
3.06136250e2, 2.95720000, 2.39752000
3.08037717e2, 2.95280000, 2.41344000
3.09962953e2, 2.95000000, 2.43000000
3.11912406e2, 2.94824000, 2.44544000
3.13886535e2, 2.94872000, 2.46152000
3.15885812e2, 2.95304000, 2.48016000
3.17910721e2, 2.96088000, 2.50072000
3.19961758e2, 2.97000000, 2.52000000
3.22039432e2, 2.97744000, 2.53216000
3.24144265e2, 2.98552000, 2.54368000
3.26276793e2, 2.99520000, 2.55968000
3.28437566e2, 3.00680000, 2.58016000
3.30627150e2, 3.02000000, 2.60000000
3.32846124e2, 3.03480000, 2.61328000
3.35095085e2, 3.05120000, 2.62464000
3.37374643e2, 3.06920000, 2.63600000
3.39685428e2, 3.08880000, 2.64800000
3.42028086e2, 3.11000000, 2.66000000
3.44403281e2, 3.13280000, 2.67312000
3.46811696e2, 3.15720000, 2.68496000
3.49254032e2, 3.18256000, 2.69360000
3.51731011e2, 3.20952000, 2.69840000
3.54243375e2, 3.24000000, 2.70000000
3.56791889e2, 3.27976000, 2.70008000
3.59377337e2, 3.32048000, 2.69504000
3.62000529e2, 3.35640000, 2.68072000
3.64662298e2, 3.38560000, 2.65744000
3.67363500e2, 3.41000000, 2.63000000
3.70105019e2, 3.43016000, 2.60264000
3.72887763e2, 3.44488000, 2.57432000
3.75712671e2, 3.45256000, 2.54536000
3.78580706e2, 3.45352000, 2.51672000
3.81492866e2, 3.45000000, 2.49000000
3.84450175e2, 3.44384000, 2.46704000
3.87453692e2, 3.43512000, 2.44792000
3.90504508e2, 3.42416000, 2.43392000
3.93603750e2, 3.41192000, 2.42504000
3.96752580e2, 3.40000000, 2.42000000
3.99952198e2, 3.39192000, 2.41872000
4.03203842e2, 3.38416000, 2.41936000
4.06508791e2, 3.37416000, 2.41968000
4.09868368e2, 3.36192000, 2.41936000
4.13283938e2, 3.35000000, 2.42000000
4.16756912e2, 3.34080000, 2.42224000
4.20288750e2, 3.33320000, 2.42672000
4.23880962e2, 3.32784000, 2.43536000
4.27535108e2, 3.32408000, 2.44752000
4.31252804e2, 3.32000000, 2.46000000
4.35035724e2, 3.31096000, 2.46696000
4.38885597e2, 3.30288000, 2.47488000
4.42804219e2, 3.30088000, 2.48920000
4.46793446e2, 3.30496000, 2.50960000
4.50855205e2, 3.31000000, 2.53000000
4.54991491e2, 3.30952000, 2.54216000
4.59204375e2, 3.30936000, 2.55368000
4.63496005e2, 3.31304000, 2.57000000
4.67868609e2, 3.32088000, 2.59080000
4.72324500e2, 3.33000000, 2.61000000
4.76866082e2, 3.33744000, 2.61824000
4.81495850e2, 3.34552000, 2.62552000
4.86216397e2, 3.35488000, 2.63920000
4.91030421e2, 3.36616000, 2.65960000
4.95940725e2, 3.38000000, 2.68000000
5.00950227e2, 3.39928000, 2.69440000
5.06061964e2, 3.41984000, 2.70560000
5.11279098e2, 3.43880000, 2.71328000
5.16604922e2, 3.45520000, 2.71776000
5.22042869e2, 3.47000000, 2.72000000
5.27596516e2, 3.48432000, 2.72008000
5.33269597e2, 3.49576000, 2.71984000
5.39066006e2, 3.50176000, 2.72088000
5.44989808e2, 3.50232000, 2.72416000
5.51045250e2, 3.50000000, 2.73000000
5.57236770e2, 3.49440000, 2.73848000
5.63569006e2, 3.49040000, 2.75144000
5.70046811e2, 3.49376000, 2.77368000
5.76675262e2, 3.50512000, 2.80296000
5.83459677e2, 3.52000000, 2.83000000
5.90405625e2, 3.53536000, 2.84008000
5.97518946e2, 3.55168000, 2.84664000
6.04805762e2, 3.56736000, 2.85704000
6.12272500e2, 3.58272000, 2.87288000
6.19925906e2, 3.60000000, 2.89000000
6.27773070e2, 3.62216000, 2.90712000
6.35821443e2, 3.64688000, 2.92296000
6.44078864e2, 3.67320000, 2.93656000
6.52553586e2, 3.70080000, 2.94632000
6.61254300e2, 3.73000000, 2.95000000
6.70190169e2, 3.76360000, 2.94288000
6.79370856e2, 3.79560000, 2.92904000
6.88806563e2, 3.82184000, 2.91072000
6.98508064e2, 3.84008000, 2.88824000
7.08486750e2, 3.85000000, 2.86000000
7.18754674e2, 3.85032000, 2.82088000
7.29324596e2, 3.83976000, 2.77984000
7.40210038e2, 3.81512000, 2.74168000
7.51425341e2, 3.77704000, 2.71056000
7.62985731e2, 3.73000000, 2.69000000
7.74907383e2, 3.67488000, 2.68888000
7.87207500e2, 3.61784000, 2.70024000
7.99904395e2, 3.56688000, 2.72312000
8.13017582e2, 3.52296000, 2.75464000
8.26567875e2, 3.48000000, 2.79000000
8.40577500e2, 3.43264000, 2.81864000
8.55070216e2, 3.38432000, 2.85112000
8.70071448e2, 3.33536000, 2.89352000
8.85608438e2, 3.28672000, 2.94744000
9.01710409e2, 3.24000000, 3.01000000
9.18408750e2, 3.19816000, 3.08280000
9.35737217e2, 3.15888000, 3.16040000
9.53732164e2, 3.12024000, 3.23448000
9.72432794e2, 3.08288000, 3.30696000
9.91881450e2, 3.05000000, 3.39000000
1.01212393e3, 3.02296000, 3.50576000
1.03320984e3, 3.00488000, 3.62888000
1.05519303e3, 3.00088000, 3.74336000
1.07813201e3, 3.01096000, 3.84472000
1.10209050e3, 3.03000000, 3.94000000
1.12713801e3, 3.05712000, 4.03328000
1.15335052e3, 3.08616000, 4.11984000
1.18081125e3, 3.11264000, 4.19776000
1.20961152e3, 3.13208000, 4.26512000
1.23985181e3, 3.14000000, 4.32000000
1.27164289e3, 3.15164100, 4.37011800
1.30510717e3, 3.15312500, 4.41593700
1.34038034e3, 3.14559600, 4.44185500
1.37761313e3, 3.11000000, 4.44000000
1.41697350e3, 3.02279300, 4.38086900
1.45864919e3, 2.78421900, 4.40523400
1.50285068e3, 2.42357400, 4.56680700
1.54981477e3, 2.27375000, 4.81562500
1.59980879e3, 2.16749000, 5.10485400
1.65313575e3, 1.92632800, 5.39367200
1.71014043e3, 1.72684700, 5.73645600
1.77121688e3, 1.59000000, 6.13000000
1.83681750e3, 1.48646500, 6.53164700
1.90746433e3, 1.39640600, 6.95953100
1.98376290e3, 1.29933600, 7.42027300
2.06641969e3, 1.21000000, 7.96000000
2.15626402e3, 1.18187500, 8.56351500
2.25427602e3, 1.21187500, 9.19312500
2.36162250e3, 1.27929700, 9.84726600
2.47970363e3, 1.40000000, 1.05000000e1
